# global options
pullWidth=1.19
weight=1.0
binning=topMass
preliminary=2
cmsenergy=7
method=IdeogramMin

[analysisConfig]
samplePath=/nfs/dust/cms/user/eschliec/TopMass/19/
activeBranches=*
selection=probs[0] > 0.09 && dRbb > 1.5
var1=topMasses[0]
var2=(w1Mass[0]+w2Mass[0])/2.0
var3=probs[0]
#var3=1.0
var4=1.0
maxPermutations=1

[templates]
fSig=0.630491408
fCP=2.79599875211715698e-01
fWP=0.2193651833
fUN=5.01034975051879883e-01
parsCP=172.324|0.986106|85.9343|0.810183|7.18309|0.0675277|6.85536|0.256293
parsWP=175.941|0.661709|73.1694|0.36766|175.941|0.661709|73.1694|0.36766|21.61|0.100468|6.74084|0.561399|7.44604|-0.0502921|-1.84577|0.100049|8.11788e-01
parsUN=175.453|0.736703|70.2111|1.69023|175.453|0.736703|70.2111|1.69023|21.1899|0.189805|15.3274|1.60513|8.87531|-0.0238031|-0.117816|0.760937|7.72757e-01
parsCPJES=84.4587|-0.00524409|57.1528|0.178028|4.25284|0.000167644|11.7426|0.0582509|5.43288|-0.00549247|-6.9163|-0.0576681
parsWPJES=84.042|0.0111381|27.5838|-0.179698|4.28814|-0.00702476|5.27829|-0.234302|6.28184|-0.0166415|-6.23916|0.181574
parsUNJES=84.6224|0.0203645|16.0195|-0.293667|4.77153|0.0196543|2.16641|-0.150288|7.09421|-0.00659033|-6.2366|0.235723
parsBKG=0.848468|4.30272|87.9676|32.6083|220.731|29.9386
parsBKGJES=87.1042|5.83934|7.02516

[calibration] # INFO: the last calibration step will only be applied to FastSim (option -F 1)
massOffset=4.77254e-01|1.83190
massSlopeMass=2.54275e-02|0.0
massSlopeJES=-4.13860e-01|-5.36113
massSlopeMassJES=-4.93806e-01|0.0
jesOffset=-3.55015e-03|-2.11957e-02
jesSlopeMass=-7.87469e-05|0.0
jesSlopeJES=-5.19422e-02|3.15759e-02
jesSlopeMassJES=4.41256e-03|0.0
