# global options
pullWidth=1.0
weight=weight.combinedWeight
binning=top.fitTop1[0].M()
preliminary=2
cmsenergy=8

[analysisConfig]
selection=top.fitProb[0] > 0.1 && (pow(top.fitB1[0].Eta()-top.fitB2[0].Eta(),2) + pow(TVector2::Phi_mpi_pi(top.fitB1[0].Phi()-top.fitB2[0].Phi()),2)) > 1.5*1.5
samplePath=/scratch/hh/dust/naf/cms/user/eschliec/TopMass/2012/02/
var1=top.fitTop1[0].M()
var2=(top.recoW1[0].M()+top.recoW2[0].M())/2.0
#var3=top.fitProb[0]
var3=1.0
activeBranches=top.recoW*|top.fitB*|top.fitTop1*|top.fitProb|top.combinationType|weight.combinedWeight|weight.pu*|weight.bTag*

[templates]
fSig=0.460272275
fCP=0.254136
fWP=0.1196167266 #6.90155e-06+0.000212875+0.00280065+0.0244401+0.0921562
fUN=0.6262473448 #0.00541135+3.66988e-05+0.0570029+0.000743396+0.563053
parsCP=172.478|0.980788|79.2469|0.724606|7.88763|0.0718999|6.2504|-0.0798684
parsWP=171.534|0.363939|50.5834|0.875682|174.476|0.96778|84.1821|-0.457748|20.2424|0.0825443|15.4665|1.20431|12.4387|0.0652692|7.60617|0.00477944|0.662784
parsUN=178.884|0.30641|40.7545|0.446173|174.68|1.06831|83.8583|0.280617|22.0651|0.0542757|4.93785|0.349027|9.74015|0.0548213|2.31433|-0.180835|0.774588
parsCPJES= 84.586|-0.00708909|82.7429|-0.196681|5.20724|-0.000537813|21.8808|-0.136769|6.76422|0.000468773|-17.8852|0.0365372
parsWPJES=85.2742|-0.0165453|26.6662|-0.332758|5.58207|-0.0130988|6.19746|-0.201219|7.56886|0.00861974|-9.94814|0.101497
parsUNJES=86.6186|-0.018442|32.1233|0.0814536|6.48174|-0.0108797|7.37135|0.0143765|7.91358|0.0081395|-17.3416|-0.000433852
parsBKG=0.839855|4.23651|90.9143|32.4985|230.224|33.9022
parsBKGJES=91.5328|8.69762|6.81788

[calibration] # INFO: the last calibration step will only be applied to FastSim (option -F 1)
massOffset=6.34607e-01|0.0
massSlopeMass=4.60763e-02|0.0
massSlopeJES=-9.34536e+00|0.0
massSlopeMassJES=2.13847e-01|0.0
jesOffset=-4.30451e-03|0.0
jesSlopeMass=-3.21250e-04|0.0
jesSlopeJES=7.75456e-02|0.0
jesSlopeMassJES=-3.33312e-03|0.0
