# global options
pullWidth=1.0
ele_pullWidth=1.0
weight=weight.combinedWeight
binning=top.fitTop1[0].M()
preliminary=4
cmsenergy=8
method=IdeogramMin
fsig=0.964
lumi=100000

[analysisConfig]
selection=top.fitProb>0.2 & weight.combinedWeight<20
selectionCP=top.combinationType==1
selectionWP=(top.combinationType>=2 & top.combinationType<=4)
selectionUN=(top.combinationType==6 | top.combinationType<0)
plotsToDraw=LeptonJets|JetBTag|EventObservables|JetPts|JetEtas|JetPhis|ExtraPlotsFitCombTypeEtc|BasicMasses|LeptonJetsExtra|ExtraMasses|WMassComponents|FitPts|TopPts|KinFitPulls|TTBarSystem|WBosonExtra|TopExtra|GenLevel|BasicTests
samplePath=/nfs/dust/cms/user/kovalch/GRID-CONTROL_JOBS/Trees/TopMassTreeWriter_MC_NoNu/
var1=top.fitTop1.M()
var2=top.recoW1.M()
var3=top.fitProb
var4=top.leptonFlavour
activeBranches=top.recoW*|top.fitB*|top.fitTop1*|top.fitProb|top.combinationType|weight.*|top.leptonFlavour|jet.jet|top.recoW1*|top.fitW1*|top.fitTTBar*

# template configuration
[templates]
fCP=0.437706
fWP=0.188041
fUN=0.374253
ele_fCP=0.0
ele_fWP=0.0
ele_fUN=0.0

parsCP=172.657|1.00678|76.8698|0.768526|5.00622|0.00105929|0.236305|0.0398305|2|0|67.678|0.0259117
ele_parsCP=0|0|0|0|0|0|0|0|0|0|0|0
parsWP=178.424|0.860453|80.0487|1.0624|33.9149|0.336773|29.3892|0.51638|0.513642|0.00298566|0.0433197|0.00390431
ele_parsWP=0|0|0|0|0|0|0|0|0|0|0|0
parsUN=170.618|0.952001|79.6167|0.921595|13.1537|0.129655|-5.17412|-0.559421|0.892949|0.00702199|0.247345|-0.0243363
ele_parsUN=0|0|0|0|0|0|0|0|0|0|0|0

parsCPJES=80.4272|0.0082202|74.7787|0.0703|4.30863|-0.0114551|13.199|-0.0112266|5.2821|-0.00438299|-8.28907|-0.0577982
ele_parsCPJES=0|0|0|0|0|0|0|0|0|0|0|0
parsWPJES=80.2241|0.00898848|73.7083|0.0912982|4.27048|-0.0113475|14.0168|0.00436549|5.34847|-0.00371476|-9.03124|-0.0731731
ele_parsWPJES=0|0|0|0|0|0|0|0|0|0|0|0
parsUNJES=79.8445|0.0242405|60.8486|0.106816|5.90023|-0.00383692|21.5912|0.0311425|9.4978|-0.0127898|-34.4439|-0.0330627
ele_parsUNJES=0|0|0|0|0|0|0|0|0|0|0|0




## calibration
[calibration]
massOffset=-3.63027e-02
massSlopeMass=-1.39787e-04
massSlopeJES=6.38186e-01
massSlopeMassJES=-1.81054e-02
jesOffset=-1.31808e-03
jesSlopeMass=-3.80301e-06
jesSlopeJES=-2.20097e-03
jesSlopeMassJES=1.29136e-04
ele_massOffset=0.0
ele_massSlopeMass=0.0
ele_massSlopeJES=0.0
ele_massSlopeMassJES=0.0
ele_jesOffset=0.0
ele_jesSlopeMass=0.0
ele_jesSlopeJES=0.0
ele_jesSlopeMassJES=0.0


